3,2
3,1
3,3
10,180
10,288
10,122
10,235
10,274
10,173
10,139
10,1
10,187
10,2
10,3
11,4
11,21
11,22
11,7
11,18
11,1
11,13
11,2
11,3
9,7
9,4
9,1
9,6
9,2
9,3
8,14
8,13
8,6
8,10
8,12
8,1
8,9
8,2
8,3
12,2
12,1
12,3
20,2
20,1
20,3
19,2
19,1
19,3
35,10
35,9
35,8
35,7
35,6
35,5
35,1
35,4
35,3
35,2
33,99
33,98
33,97
33,96
33,95
33,94
33,93
33,92
33,91
33,90
33,89
33,88
18,1
33,87
33,86
33,85
33,84
33,83
33,82
33,81
33,80
33,79
33,78
33,77
33,76
33,75
33,74
33,73
33,72
18,3
33,71
33,70
33,69
14,3
33,68
13,1
33,67
33,66
33,65
33,64
33,37
33,36
33,35
33,34
33,33
33,32
33,31
33,30
33,29
33,28
33,27
33,26
33,25
33,24
33,23
33,22
